 Forcast  121.240000   29.428101    17.830   58300.000000
    0.000000      2.1672      6.2970     -0.4347      0.5684      5.6290     -6.9614      2.4572     -2.5423      2.2725     -4.0344     -7.8394    -14.1364     -0.0846      0.5357     -0.6125
    0.020833     10.8947      7.0634      2.9151      4.3208      8.5085    -11.3650      3.2079     -3.6029      2.3454     -4.4412     -9.5605    -16.6238     -0.1096      0.5036     -0.6147
    0.041667     19.3382      7.4130      6.2435      7.9786     10.9543    -15.0264      3.8003     -4.4168      2.2010     -4.6599    -10.7715    -18.1845     -0.1140      0.4376     -0.5627
    0.062500     26.7920      7.2725      9.2810     11.2412     12.7700    -17.6449      4.1843     -4.9102      1.8249     -4.6646    -11.3013    -18.5739     -0.1006      0.3397     -0.4602
    0.083333     32.6113      6.6001     11.7757     13.8325     13.8000    -18.9869      4.3227     -5.0304      1.2193     -4.4420    -11.0226    -17.6227     -0.0731      0.2141     -0.3146
    0.104167     36.2790      5.3902     13.5202     15.5295     13.9429    -18.9020      4.1953     -4.7492      0.4026     -3.9926     -9.8639    -15.2540     -0.0349      0.0682     -0.1359
    0.125000     37.4581      3.6747     14.3733     16.1855     13.1607    -17.3330      3.7998     -4.0653     -0.5914     -3.3312     -7.8175    -11.4922      0.0123     -0.0875      0.0640
    0.145833     36.0220      1.5222     14.2720     15.7428     11.4813    -14.3218      3.1529     -3.0043     -1.7150     -2.4859     -4.9428     -6.4650      0.0686     -0.2403      0.2727
    0.166667     32.0580     -0.9660     13.2338     14.2345      8.9958    -10.0080      2.2889     -1.6179     -2.9101     -1.4965     -1.3623     -0.3963      0.1356     -0.3764      0.4780
    0.187500     25.8466     -3.6628     11.3482     11.7751      5.8507     -4.6223      1.2567      0.0191     -4.1109     -0.4122      2.7463      6.4091      0.2151     -0.4825      0.6684
    0.208333     17.8203     -6.4237      8.7609      8.5425      2.2355      1.5266      0.1161      1.8127     -5.2482      0.7118      7.1633     13.5869      0.3080     -0.5478      0.8332
    0.229167      8.5121     -9.0964      5.6543      4.7561     -1.6322      8.0709     -1.0664      3.6556     -6.2531      1.8177     11.6428     20.7392      0.4122     -0.5651      0.9629
    0.250000     -1.4970    -11.5311      2.2268      0.6542     -5.5223     14.6064     -2.2226      5.4343     -7.0619      2.8487     15.9307     27.4618      0.5223     -0.5324      1.0495
    0.270833    -11.6251    -13.5901     -1.3231     -3.5256     -9.2074     20.7189     -3.2867      7.0355     -7.6195      3.7527     19.7810     33.3711      0.6296     -0.4524      1.0863
    0.291667    -21.3223    -15.1561     -4.8081     -7.5599    -12.4759     26.0121     -4.1994      8.3545     -7.8835      4.4851     22.9716     38.1277      0.7223     -0.3328      1.0688
    0.312500    -30.0912    -16.1390     -8.0578    -11.2467    -15.1434     30.1342     -4.9110      9.3020     -7.8273      5.0117     25.3167     41.4557      0.7879     -0.1844      0.9949
    0.333333    -37.4962    -16.4809    -10.9193    -14.4078    -17.0610     32.8023     -5.3837      9.8102     -7.4419      5.3101     26.6764     43.1573      0.8152     -0.0199      0.8655
    0.354167    -43.1654    -16.1587    -13.2560    -16.8892    -18.1218     33.8216     -5.5930      9.8378     -6.7368      5.3709     26.9628     43.1215      0.7961      0.1477      0.6852
    0.375000    -46.7937    -15.1851    -14.9470    -18.5610    -18.2655     33.0992     -5.5291      9.3725     -5.7404      5.1981     26.1435     41.3286      0.7276      0.3069      0.4622
    0.395833    -48.1501    -13.6071    -15.8897    -19.3204    -17.4809     30.6498     -5.1967      8.4327     -4.4978      4.8084     24.2427     37.8497      0.6126      0.4481      0.2086
    0.416667    -47.0932    -11.5035    -16.0067    -19.0984    -15.8079     26.5951     -4.6154      7.0657     -3.0685      4.2302     21.3398     32.8433      0.4594      0.5646     -0.0609
    0.437500    -43.5927     -8.9808    -15.2560    -17.8701    -13.3363     21.1547     -3.8186      5.3446     -1.5228      3.5018     17.5661     26.5468      0.2805      0.6520     -0.3293
    0.458333    -37.7530     -6.1672    -13.6435    -15.6661    -10.2037     14.6320     -2.8519      3.3638      0.0630      2.6690     13.0991     19.2663      0.0907      0.7075     -0.5794
    0.479167    -29.8320     -3.2060    -11.2329    -12.5818     -6.5893      7.3939     -1.7716      1.2327      1.6109      1.7825      8.1551     11.3610     -0.0956      0.7297     -0.7950
    0.500000    -20.2475     -0.2474     -8.1520     -8.7815     -2.7054     -0.1526     -0.6409     -0.9315      3.0463      0.8948      2.9782      3.2255     -0.2662      0.7176     -0.9626
    0.520833     -9.5647      2.5597     -4.5905     -4.4946      1.2154     -7.5853      0.4729     -3.0106      4.3021      0.0568     -2.1723     -4.7320     -0.4126      0.6706     -1.0725
    0.541667      1.5371      5.0768     -0.7884     -0.0013      4.9349    -14.4929      1.5037     -4.8929      5.3233     -0.6851     -7.0369    -12.1137     -0.5306      0.5885     -1.1198
    0.562500     12.3174      7.1843      2.9834      4.3890      8.2263    -20.4991      2.3904     -6.4798      6.0691     -1.2922    -11.3728    -18.5571     -0.6198      0.4724     -1.1041
    0.583333     22.0418      8.7895      6.4496      8.3674     10.8914    -25.2846      3.0819     -7.6910      6.5156     -1.7359    -14.9697    -23.7592     -0.6824      0.3251     -1.0298
    0.604167     30.0531      9.8322      9.3586     11.6559     12.7760    -28.6058      3.5408     -8.4697      6.6563     -1.9995    -17.6652    -27.4974     -0.7216      0.1522     -0.9049
    0.625000     35.8365     10.2892     11.5093     14.0356     13.7821    -30.3086      3.7464     -8.7853      6.5023     -2.0796    -19.3562    -29.6453     -0.7401     -0.0379     -0.7399
    0.645833     39.0677     10.1749     12.7704     15.3683     13.8749    -30.3375      3.6963     -8.6349      6.0808     -1.9856    -20.0062    -30.1811     -0.7392     -0.2337     -0.5470
    0.666667     39.6382      9.5404     13.0911     15.6068     13.0846    -28.7389      3.4059     -8.0437      5.4333     -1.7395    -19.6473    -29.1877     -0.7182     -0.4220     -0.3389
    0.687500     37.6533      8.4687     12.5005     14.7941     11.5025    -25.6578      2.9074     -7.0630      4.6127     -1.3737    -18.3762    -26.8448     -0.6752     -0.5883     -0.1279
    0.708333     33.4061      7.0679     11.0976     13.0521      9.2713    -21.3295      2.2466     -5.7671      3.6798     -0.9283    -16.3446    -23.4125     -0.6083     -0.7195      0.0743
    0.729167     27.3328      5.4631      9.0340     10.5622      6.5727    -16.0644      1.4787     -4.2487      2.6996     -0.4487    -13.7465    -19.2096     -0.5169     -0.8048      0.2572
    0.750000     19.9596      3.7866      6.4929      7.5417      3.6121    -10.2283      0.6644     -2.6129      1.7372      0.0185    -10.8013    -14.5879     -0.4035     -0.8379      0.4113
    0.770833     11.8488      2.1682      3.6692      4.2218      0.6030     -4.2183     -0.1353     -0.9702      0.8536      0.4289     -7.7374     -9.9057     -0.2738     -0.8171      0.5288
    0.791667      3.5541      0.7265      0.7535      0.8285     -2.2470      1.5637     -0.8625      0.5705      0.1019      0.7427     -4.7758     -5.5024     -0.1372     -0.7459      0.6032
    0.812500     -4.4108     -0.4388     -2.0785     -2.4298     -4.7492      6.7381     -1.4666      1.9093     -0.4764      0.9284     -2.1155     -1.6767     -0.0055     -0.6323      0.6302
    0.833333    -11.5904     -1.2530     -4.6703     -5.3692     -6.7433     10.9736     -1.9067      2.9625     -0.8537      0.9642      0.0776      1.3306      0.1086     -0.4875      0.6078
    0.854167    -17.5934     -1.6700     -6.8847     -7.8309     -8.1049     14.0096     -2.1535      3.6676     -1.0184      0.8393      1.6794      3.3493      0.1939     -0.3242      0.5372
    0.875000    -22.0941     -1.6744     -8.6024     -9.6813     -8.7504     15.6735     -2.1907      3.9882     -0.9757      0.5553      2.6119      4.2863      0.2429     -0.1551      0.4230
    0.895833    -24.8332     -1.2818     -9.7205    -10.8112     -8.6409     15.8922     -2.0154      3.9155     -0.7466      0.1249      2.8463      4.1281      0.2527      0.0087      0.2733
    0.916667    -25.6250     -0.5365    -10.1558    -11.1388     -7.7832     14.6952     -1.6383      3.4694     -0.3670     -0.4279      2.4029      2.9394      0.2262      0.1582      0.0997
    0.937500    -24.3712      0.4908     -9.8508    -10.6162     -6.2310     12.2115     -1.0828      2.6962      0.1158     -1.0699      1.3488      0.8580      0.1714      0.2870     -0.0837
    0.958333    -21.0817      1.7082     -8.7842     -9.2386     -4.0828      8.6588     -0.3844      1.6651      0.6461     -1.7605     -0.2054     -1.9136      0.0999      0.3909     -0.2613
    0.979167    -15.8957      3.0080     -6.9817     -7.0552     -1.4787      4.3276      0.4108      0.4633      1.1645     -2.4540     -2.1117     -5.1197      0.0246      0.4674     -0.4175
    1.000000     -9.0973      4.2729     -4.5254     -4.1770      1.4058     -0.4403      1.2490     -0.8107      1.6122     -3.1027     -4.1925     -8.4654     -0.0422      0.5148     -0.5382
    1.020833     -1.1179      5.3842     -1.5580     -0.7793      4.3695     -5.2745      2.0710     -2.0538      1.9352     -3.6595     -6.2506    -11.6349     -0.0910      0.5320     -0.6122
    1.041667      7.4796      6.2292      1.7215      2.9045      7.1978     -9.8019      2.8165     -3.1653      2.0886     -4.0813     -8.0819    -14.3111     -0.1163      0.5179     -0.6327
    1.062500     16.0380      6.7093      5.0704      6.5978      9.6773    -13.6703      3.4279     -4.0536      2.0397     -4.3316     -9.4891    -16.1984     -0.1172      0.4719     -0.5972
    1.083333     23.8612      6.7474      8.2240     10.0049     11.6126    -16.5716      3.8546     -4.6420      1.7700     -4.3836    -10.2975    -17.0449     -0.0962      0.3946     -0.5081
    1.104167     30.2811      6.2946     10.9213     12.8395     12.8415    -18.2612      4.0576     -4.8739      1.2772     -4.2219    -10.3689    -16.6635     -0.0582      0.2885     -0.3721
    1.125000     34.7267      5.3350     12.9340     14.8555     13.2497    -18.5739      4.0122     -4.7166      0.5748     -3.8437     -9.6149    -14.9499     -0.0087      0.1587     -0.1991
    1.145833     36.7855      3.8877     14.0908     15.8730     12.7806    -17.4347      3.7112     -4.1629     -0.3082     -3.2602     -8.0063    -11.8941      0.0477      0.0132     -0.0012
    1.166667     36.2454      2.0074     14.2953     15.7975     11.4404    -14.8649      3.1650     -3.2324     -1.3295     -2.4952     -5.5778     -7.5851      0.1083     -0.1371      0.2086
    1.187500     33.1128     -0.2194     13.5338     14.6270      9.2984    -10.9819      2.4015     -1.9703     -2.4353     -1.5844     -2.4270     -2.2077      0.1729     -0.2795      0.4171
    1.208333     27.6036     -2.6788     11.8719     12.4488      6.4802     -5.9935      1.4638     -0.4451     -3.5642     -0.5730      1.2912      3.9700      0.2423     -0.4008      0.6120
    1.229167     20.1109     -5.2381      9.4427      9.4250      3.1577     -0.1860      0.4068      1.2554     -4.6503      0.4872      5.3763     10.6144      0.3180     -0.4890      0.7822
    1.250000     11.1557     -7.7541      6.4268      5.7711     -0.4653      6.0922     -0.7068      3.0293     -5.6275      1.5412      9.5970     17.3511      0.4000     -0.5348      0.9181
    1.270833      1.3302    -10.0834      3.0312      1.7319     -4.1684     12.4529     -1.8116      4.7667     -6.4332      2.5342     13.7076     23.7910      0.4862     -0.5331      1.0117
    1.291667     -8.7563    -12.0914     -0.5315     -2.4418     -7.7303     18.4923     -2.8433      6.3571     -7.0126      3.4150     17.4662     29.5576      0.5710     -0.4837      1.0568
    1.312500    -18.5217    -13.6615     -4.0587     -6.5113    -10.9427     23.8181     -3.7434      7.6963     -7.3219      4.1394     20.6498     34.3113      0.6459     -0.3913      1.0490
    1.333333    -27.4415    -14.7015     -7.3676    -10.2623    -13.6221     28.0757     -4.4621      8.6935     -7.3318      4.6726     23.0687     37.7702      0.7004     -0.2648      0.9861
    1.354167    -35.0641    -15.1490    -10.2994    -13.5100    -15.6187     30.9725     -4.9608      9.2775     -7.0294      4.9910     24.5764     39.7254      0.7241     -0.1156      0.8689
    1.375000    -41.0155    -14.9747    -12.7179    -16.1002    -16.8227     32.2984     -5.2138      9.4022     -6.4195      5.0833     25.0764     40.0511      0.7084      0.0433      0.7009
    1.395833    -44.9985    -14.1831    -14.5087    -17.9078    -17.1683     31.9405     -5.2093      9.0492     -5.5247      4.9511     24.5262     38.7093      0.6486      0.1999      0.4894
    1.416667    -46.7935    -12.8118    -15.5771    -18.8363    -16.6361     29.8909     -4.9493      8.2299     -4.3846      4.6084     22.9380     35.7498      0.5450      0.3436      0.2450
    1.437500    -46.2637    -10.9289    -15.8514    -18.8205    -15.2536     26.2472     -4.4495      6.9845     -3.0532      4.0805     20.3772     31.3061      0.4038      0.4665     -0.0184
    1.458333    -43.3685     -8.6293    -15.2894    -17.8325    -13.0951     21.2060     -3.7388      5.3793     -1.5957      3.4024     16.9593     25.5886      0.2356      0.5631     -0.2850
    1.479167    -38.1823     -6.0294    -13.8874    -15.8907    -10.2786     15.0492     -2.8576      3.5026     -0.0847      2.6167     12.8443     18.8737      0.0545      0.6304     -0.5376
    1.500000    -30.9128     -3.2610    -11.6914    -13.0693     -6.9622      8.1256     -1.8562      1.4589      1.4048      1.7708      8.2298     11.4908     -0.1248      0.6668     -0.7597
    1.520833    -21.9134     -0.4642     -8.8043     -9.5049     -3.3365      0.8281     -0.7925     -0.6383      2.7994      0.9146      3.3420      3.8062     -0.2888      0.6714     -0.9370
    1.541667    -11.6807      2.2203     -5.3886     -5.3967      0.3854     -6.4313      0.2714     -2.6731      4.0326      0.0972     -1.5755     -3.7958     -0.4273      0.6440     -1.0582
    1.562500     -0.8344      4.6593     -1.6603     -0.9991      3.9802    -13.2468      1.2728     -4.5349      5.0480     -0.6362     -6.2754    -10.9347     -0.5346      0.5843     -1.1169
    1.583333      9.9242      6.7351      2.1254      3.3959      7.2300    -19.2431      2.1526     -6.1244      5.8029     -1.2470    -10.5210    -17.2560     -0.6094      0.4926     -1.1114
    1.604167     19.8699      8.3527      5.6969      7.4831      9.9376    -24.0975      2.8595     -7.3599      6.2706     -1.7055    -14.1016    -22.4543     -0.6542      0.3704     -1.0447
    1.625000     28.3215      9.4466      8.7931     10.9737     11.9422    -27.5585      3.3540     -8.1815      6.4411     -1.9931    -16.8477    -26.2942     -0.6737      0.2211     -0.9242
    1.645833     34.7104      9.9844     11.1909     13.6252     13.1322    -29.4601      3.6113     -8.5547      6.3215     -2.1034    -18.6425    -28.6269     -0.6729      0.0509     -0.7605
    1.666667     38.6376      9.9695     12.7288     15.2663     13.4543    -29.7309      3.6236     -8.4717      5.9350     -2.0424    -19.4318    -29.4013     -0.6560     -0.1313     -0.5661
    1.687500     39.9114      9.4405     13.3231     15.8134     12.9173    -28.3978      3.4004     -7.9520      5.3191     -1.8283    -19.2266    -28.6671     -0.6250     -0.3139     -0.3543
    1.708333     38.5599      8.4678     12.9729     15.2760     11.5904    -25.5847      2.9679     -7.0410      4.5229     -1.4898    -18.1030    -26.5707     -0.5799     -0.4838     -0.1384
    1.729167     34.8164      7.1483     11.7548     13.7504      9.5964    -21.5045      2.3661     -5.8068      3.6040     -1.0636    -16.1938    -23.3421     -0.5194     -0.6275      0.0694
    1.750000     29.0829      5.5976      9.8091     11.4038      7.1001    -16.4458      1.6458     -4.3364      2.6251     -0.5924    -13.6782    -19.2758     -0.4421     -0.7330      0.2582
    1.770833     21.8773      3.9413      7.3187      8.4515      4.2942    -10.7552      0.8643     -2.7299      1.6495     -0.1208    -10.7658    -14.7070     -0.3480     -0.7915      0.4184
    1.791667     13.7767      2.3055      4.4877      5.1323      1.3838     -4.8148      0.0807     -1.0945      0.7378      0.3076     -7.6803     -9.9858     -0.2397     -0.7985      0.5423
    1.812500      5.3635      0.8083      1.5207      1.6857     -1.4283      0.9828     -0.6484      0.4631     -0.0559      0.6532     -4.6430     -5.4513     -0.1233     -0.7545      0.6238
    1.833333     -2.8169     -0.4486     -1.3918     -1.6653     -3.9550      6.2605     -1.2722      1.8428     -0.6879      0.8835     -1.8573     -1.4087     -0.0077     -0.6646      0.6588
    1.854167    -10.2824     -1.3855     -4.0824     -4.7247     -6.0351     10.6823     -1.7490      2.9589     -1.1272      0.9750      0.5037      1.8892      0.0966     -0.5382      0.6452
    1.875000    -16.6273     -1.9497     -6.4089     -7.3280     -7.5412     13.9760     -2.0480      3.7447     -1.3576      0.9146      2.3061      4.2558      0.1787     -0.3870      0.5838
    1.895833    -21.5240     -2.1172     -8.2534     -9.3417     -8.3846     15.9514     -2.1509      4.1583     -1.3789      0.7008      3.4611      5.5783      0.2301     -0.2237      0.4782
    1.916667    -24.7203     -1.8936     -9.5195    -10.6612     -8.5183     16.5130     -2.0518      4.1840     -1.2066      0.3430      3.9278      5.8214      0.2462     -0.0602      0.3355
    1.937500    -26.0383     -1.3124    -10.1308    -11.2095     -7.9384     15.6656     -1.7577      3.8343     -0.8709     -0.1388      3.7129      5.0254      0.2273      0.0934      0.1657
    1.958333    -25.3793     -0.4327    -10.0339    -10.9399     -6.6837     13.5123     -1.2876      3.1480     -0.4143     -0.7152      2.8692      3.3019      0.1790      0.2294     -0.0180
    1.979167    -22.7366      0.6653     -9.2040     -9.8418     -4.8347     10.2463     -0.6719      2.1874      0.1118     -1.3496      1.4913      0.8259      0.1112      0.3428     -0.2008
    2.000000    -18.2120      1.8850     -7.6544     -7.9486     -2.5106      6.1358      0.0495      1.0336      0.6507     -2.0001     -0.2891     -2.1741      0.0363      0.4306     -0.3672
    2.020833    -12.0330      3.1192     -5.4461     -5.3471      0.1355      1.5049      0.8283     -0.2196      1.1447     -2.6222     -2.3106     -5.4298     -0.0328      0.4911     -0.5027
    2.041667     -4.5622      4.2568     -2.6944     -2.1822      2.9239     -3.2897      1.6111     -1.4721      1.5396     -3.1714     -4.3904     -8.6473     -0.0853      0.5232     -0.5950
    2.062500      3.7082      5.1901      0.4304      1.3439      5.6584     -7.8826      2.3420     -2.6244      1.7885     -3.6062     -6.3353    -11.5255     -0.1139      0.5262     -0.6354
    2.083333     12.1798      5.8216      3.7103      4.9808      8.1386    -11.9243      2.9662     -3.5845      1.8552     -3.8906     -7.9540    -13.7756     -0.1159      0.4993     -0.6200
    2.104167     20.1915      6.0712      6.8957      8.4487     10.1745    -15.1033      3.4342     -4.2738      1.7168     -3.9968     -9.0704    -15.1417     -0.0929      0.4423     -0.5494
    2.125000     27.0780      5.8828      9.7285     11.4631     11.6013    -17.1661      3.7053     -4.6321      1.3655     -3.9073     -9.5382    -15.4210     -0.0501      0.3562     -0.4291
    2.145833     32.2370      5.2289     11.9686     13.7644     12.2937    -17.9330      3.7516     -4.6213      0.8085     -3.6161     -9.2529    -14.4818      0.0057      0.2441     -0.2680
    2.166667     35.1939      4.1142     13.4213     15.1460     12.1769    -17.3098      3.5599     -4.2279      0.0685     -3.1300     -8.1629    -12.2771      0.0679      0.1117     -0.0782
    2.187500     35.6541      2.5762     13.9583     15.4778     11.2340    -15.2938      3.1342     -3.4641     -0.8186     -2.4679     -6.2760     -8.8523      0.1312     -0.0325      0.1272
    2.208333     33.5342      0.6840     13.5316     14.7191      9.5082    -11.9747      2.4948     -2.3669     -1.8054     -1.6603     -3.6608     -4.3449      0.1929     -0.1774      0.3344
    2.229167     28.9671     -1.4661     12.1761     12.9219      7.0994     -7.5308      1.6774     -0.9963     -2.8360     -0.7471     -0.4434      1.0227      0.2527     -0.3104      0.5305
    2.250000     22.2814     -3.7571     10.0020     10.2212      4.1555     -2.2181      0.7302      0.5683     -3.8495      0.2246      3.2013      6.9584      0.3120     -0.4189      0.7041
    2.270833     13.9587     -6.0587      7.1778      6.8170      0.8607      3.6438     -0.2898      2.2327     -4.7834      1.2037      7.0628     13.1215      0.3722     -0.4921      0.8452
    2.291667      4.5784     -8.2369      3.9092      2.9501     -2.5801      9.6916     -1.3212      3.8936     -5.5773      2.1384     10.9104     19.1473      0.4338     -0.5222      0.9459
    2.312500     -5.2412    -10.1629      0.4163     -1.1231     -5.9558     15.5413     -2.3026      5.4452     -6.1771      2.9795     14.5106     24.6735      0.4947     -0.5059      1.0001
    2.333333    -14.8964    -11.7217     -3.0864     -5.1532     -9.0644     20.8126     -3.1770      6.7857     -6.5380      3.6836     17.6431     29.3649      0.5498     -0.4448      1.0038
    2.354167    -23.8374    -12.8195     -6.4045     -8.9138    -11.7246     25.1546     -3.8946      7.8245     -6.6281      4.2156     20.1156     32.9351      0.5915     -0.3449      0.9548
    2.375000    -31.5932    -13.3888     -9.3708    -12.2118    -13.7858     28.2696     -4.4164      8.4881     -6.4298      4.5507     21.7748     35.1636      0.6109     -0.2159      0.8535
    2.395833    -37.7813    -13.3923    -11.8472    -14.8895    -15.1346     29.9340     -4.7149      8.7253     -5.9423      4.6755     22.5144     35.9067      0.5996     -0.0697      0.7029
    2.416667    -42.1066    -12.8245    -13.7227    -16.8239    -15.6987     30.0139     -4.7759      8.5112     -5.1816      4.5889     22.2792     35.1037      0.5515      0.0814      0.5090
    2.437500    -44.3571    -11.7107    -14.9101    -17.9238    -15.4487     28.4746     -4.5980      7.8486     -4.1799      4.3014     21.0667     32.7774      0.4647      0.2259      0.2809
    2.458333    -44.4020    -10.1058    -15.3447    -18.1283    -14.3986     25.3834     -4.1928      6.7688     -2.9838      3.8344     18.9253     29.0311      0.3424      0.3548      0.0309
    2.479167    -42.1953     -8.0902    -14.9867    -17.4088    -12.6053     20.9052     -3.5839      5.3286     -1.6518      3.2190     15.9515     24.0417      0.1929      0.4614     -0.2264
    2.500000    -37.7871     -5.7659    -13.8271    -15.7751    -10.1657     15.2908     -2.8056      3.6075     -0.2509      2.4935     12.2846     18.0505      0.0281      0.5416     -0.4749
    2.520833    -31.3394     -3.2505    -11.8966    -13.2823     -7.2141      8.8605     -1.9020      1.7020      1.1484      1.7018      8.1006     11.3511     -0.1378      0.5933     -0.6983
    2.541667    -23.1404     -0.6715     -9.2744    -10.0395     -3.9166      1.9827     -0.9243     -0.2809      2.4756      0.8901      3.6041      4.2756     -0.2909      0.6158     -0.8818
    2.562500    -13.6105      1.8409     -6.0935     -6.2131     -0.4632     -4.9498      0.0712     -2.2301      3.6653      0.1049     -0.9809     -2.8218     -0.4199      0.6086     -1.0131
    2.583333     -3.2934      4.1605     -2.5399     -2.0243      2.9424    -11.5444      1.0266     -4.0377      4.6605     -0.6103     -5.4230     -9.5836     -0.5173      0.5716     -1.0842
    2.604167      7.1712      6.1729      1.1564      2.2617      6.0953    -17.4330      1.8858     -5.6056      5.4167     -1.2172     -9.4960    -15.6689     -0.5806      0.5048     -1.0917
    2.625000     17.0936      7.7821      4.7386      6.3554      8.8039    -22.2931      2.5983     -6.8511      5.9037     -1.6856    -12.9927    -20.7748     -0.6116      0.4086     -1.0372
    2.645833     25.7949      8.9169      7.9467      9.9686     10.9038    -25.8671      3.1230     -7.7114      6.1072     -1.9947    -15.7388    -24.6557     -0.6153      0.2847     -0.9267
    2.666667     32.6731      9.5355     10.5449     12.8443     12.2716    -27.9763      3.4313     -8.1475      6.0296     -2.1350    -17.6062    -27.1416     -0.5986      0.1371     -0.7702
    2.687500     37.2657      9.6285     12.3468     14.7830     12.8352    -28.5309      3.5100     -8.1459      5.6887     -2.1087    -18.5219    -28.1504     -0.5677     -0.0276     -0.5800
    2.708333     39.2982      9.2199     13.2360     15.6650     12.5797    -27.5344      3.3617     -7.7189      5.1166     -1.9294    -18.4749    -27.6948     -0.5272     -0.2002     -0.3697
    2.729167     38.7099      8.3648     13.1772     15.4611     11.5483    -25.0832      3.0053     -6.9040      4.3575     -1.6212    -17.5165    -25.8812     -0.4794     -0.3690     -0.1529
    2.750000     35.6538      7.1455     12.2167     14.2331      9.8386    -21.3605      2.4740     -5.7611      3.4646     -1.2168    -15.7562    -22.9017     -0.4241     -0.5211      0.0574
    2.770833     30.4709      5.6653     10.4727     12.1224      7.5927    -16.6251      1.8124     -4.3691      2.4968     -0.7550    -13.3527    -19.0180     -0.3596     -0.6438      0.2500
    2.791667     23.6440      4.0401      8.1172      9.3302      4.9851    -11.1953      1.0730     -2.8211      1.5153     -0.2778    -10.5006    -14.5407     -0.2843     -0.7265      0.4152
    2.812500     15.7414      2.3906      5.3537      6.0926      2.2079     -5.4296      0.3115     -1.2182      0.5796      0.1727     -7.4143     -9.8049     -0.1981     -0.7619      0.5453
    2.833333      7.3574      0.8327      2.3947      2.6559     -0.5441      0.2969     -0.4171      0.3365     -0.2557      0.5572     -4.3122     -5.1449     -0.1036     -0.7473      0.6344
    2.854167     -0.9378     -0.5296     -0.5574     -0.7453     -3.0867      5.6164     -1.0622      1.7447     -0.9446      0.8425     -1.4003     -0.8707     -0.0063     -0.6849      0.6785
    2.875000     -8.6356     -1.6114     -3.3233     -3.9028     -5.2579     10.1931     -1.5813      2.9192     -1.4524      1.0029      1.1408      2.7522      0.0857     -0.5812      0.6756
    2.895833    -15.3095     -2.3515     -5.7533     -6.6432     -6.9261     13.7458     -1.9417      3.7901     -1.7577      1.0226      3.1660      5.5175      0.1629     -0.4466      0.6260
    2.916667    -20.6207     -2.7151     -7.7271     -8.8288     -7.9954     16.0664     -2.1219      4.3092     -1.8540      0.8961      4.5732      7.2883      0.2165     -0.2928      0.5324
    2.937500    -24.3157     -2.6953     -9.1513    -10.3557     -8.4086     17.0344     -2.1126      4.4530     -1.7501      0.6285      5.3057      8.0010      0.2403     -0.1322      0.4006
    2.958333    -26.2193     -2.3119     -9.9553    -11.1499     -8.1483     16.6240     -1.9161      4.2248     -1.4691      0.2353      5.3539      7.6657      0.2321      0.0242      0.2392
    2.979167    -26.2316     -1.6097    -10.0896    -11.1659     -7.2365     14.9049     -1.5463      3.6536     -1.0469     -0.2593      4.7525      6.3621      0.1947      0.1673      0.0598
    3.000000    -24.3316     -0.6548     -9.5284    -10.3883     -5.7336     12.0365     -1.0275      2.7920     -0.5296     -0.8235      3.5777      4.2326      0.1352      0.2908     -0.1241
